dates 2018-01,2018-04,2018-07,2018-10,2019-01,2019-04,2019-07,2019-10,2020-01,2020-04,2020-07,2020-10,2021-01,2021-04,2021-07,2021-10,2022-01,2022-04,2022-07,2022-10,2023-01,2023-04,2023-07,2023-10,2024-01,2024-04,2024-07,2024-10,2025-01,2025-04,2025-07
Johor: 2.8,3,3.3,2.7,2.8,2.7,2.8,2.7,3.2,4.6,3.6,3.9,3.9,3.8,4,3.6,3.2,2.9,2.5,2.4,2.6,2.4,2.5,2.3,2.2,2.2,2.2,2.4,2.3,2.4,2.5
Kedah: 3,2.5,3.1,3,3,2.8,3.2,3.1,3.7,4.1,4.4,4,3.6,3.9,3.8,3.8,3.4,3.3,3,3.3,2.8,2.6,2.3,2.1,2.7,2.4,2.5,2.4,2.5,2.5,2.4
Kelantan: 4,4.8,4.4,4.7,4.4,4.9,5.1,5.1,4.2,4.2,4.6,4.1,4.4,4.8,5.1,4.7,3.9,3.8,3.6,4.1,3.9,3.9,4.1,4,4,3.7,3.8,4.3,4.2,4.4,4.6
Melaka: 0.9,1.2,1.5,1.7,1.7,1.3,1.6,1.6,1.2,2.2,2.5,3.7,3.6,3.6,3,3.1,3,3.2,2.6,2.7,2.9,2.7,2.8,2.6,2,1.8,1.8,2.2,1.9,2.2,2.4
Negeri Sembilan: 3.2,3.5,3.4,2.9,3,2.5,2.1,2.6,3.3,3.6,3.7,4.2,3.7,3.5,3.7,3.1,3.3,3.3,3,2.6,2.5,2.3,2.4,2.4,2.8,2.8,3,2.9,2.8,2.9,3
Pahang: 2.7,2.3,2.1,3.1,3,3.5,2.5,2.2,3,3.1,2.8,3.3,3.6,3.6,3.8,3.3,2.4,2.7,2.9,2.7,2.6,2.8,2.7,2.5,2.2,2.1,2.2,2.2,1.9,1.8,1.7
Perak: 4.4,3.5,2.5,2.8,4.1,4.7,4,4.6,4.2,5.4,4.8,4.9,4.6,4.4,4.8,4.3,3.8,3.6,3.1,2.8,3.2,3.2,3.3,3.3,3.5,3.2,3.2,3.4,3.2,3.4,3.7
Perlis: 2.4,3.5,4.4,4.6,5,3.8,3.7,2,3.6,4.2,4.7,5.1,5.3,5.3,4.9,4.2,3.4,3.3,2.5,2.2,2.1,2.2,2.4,2,4.7,3.8,3.8,3.7,3.3,3.3,3.2
Pulau Pinang: 1.9,2.2,2.3,2.4,1.9,1.9,1.9,2.2,2.1,4.3,4,3.7,3.5,3.9,3.7,3.2,3.3,2.9,2.6,2.3,2.3,2.1,2.1,2,2.1,1.9,2.3,2.6,2.5,2.5,2.7
Sabah: 6.6,5.3,6.6,5.3,5.3,6.1,6.7,5.4,6.7,9.1,8.6,8.4,8.9,8.7,9,9,9.1,8.6,8.2,8.1,7.7,7.5,7.5,7.4,7.9,7.5,7.6,7.2,6.7,6.2,5.7
Sarawak: 3.3,3.4,2.9,3.1,3.3,2.6,3.4,3.6,3.3,5.7,3.9,4.5,4.7,4.4,4.6,4,3.2,3.3,3,3.1,3.4,3.6,3.4,3.4,3.5,3.2,3,3.4,3.5,3.3,3.1
Selangor: 2.3,3,2.9,3.2,2.9,2.5,2.1,2.4,2.3,4.6,4.8,4.5,4.5,4.4,3.6,2.9,3.2,2.9,3.2,2.9,2.6,2.5,2.3,2.3,2.3,2.7,2.5,2,2.2,1.9,1.8
Terengganu: 4.8,5.6,4.9,4.1,4,4,3.2,3.3,3.3,3.8,3.9,4,3.7,4.2,4.4,4.1,4.5,4.4,4.3,4.3,4.2,4.5,4.4,4.6,3.8,3.4,3,3.4,2.9,2.8,2.9
W.P. Kuala Lumpur: 2.8,2.2,2.2,2.4,2.3,3.2,2.5,2.5,2.6,3.8,3.7,4.9,4.9,4.7,4.8,5,4.8,4.3,3.5,3.2,3.2,3.4,3.4,3.3,3.1,2.9,2.6,3,2.7,3,3.2
W.P. Labuan: 6.7,5.1,3.5,3.6,4.8,4.6,2.6,4.2,2.5,6.4,5.7,8.2,9,8.8,8.2,7.6,6.9,7.2,6.9,4.5,5.4,7.3,7.3,7,6.9,5.8,6.3,5.8,5,4.7,4.7
W.P. Putrajaya: 1.1,1.6,1.2,1.3,1.5,0.9,1.1,0.4,0.2,2.1,1.2,2.1,2.4,1.7,1,1.6,1,0.9,1,1.6,0.8,0.5,0.5,1.5,1.8,1.8,1.5,1.8,1.8,1.4,1.4
