# type state then quarters: logidx*1e4,se*1e4,n (hedonic, lambda=50, source: NAPIC open data file)
# quarters: 2021Q1 2021Q2 2021Q3 2021Q4 2022Q1 2022Q2 2022Q3 2022Q4 2023Q1 2023Q2 2023Q3 2023Q4 2024Q1 2024Q2 2024Q3 2024Q4 2025Q1 2025Q2 2025Q3 2025Q4 2026Q1 2026Q2
cluster ALL 0,0,153 -165,327,193 142,306,238 399,267,573 440,273,441 532,267,559 816,264,699 700,266,612 743,265,665 1195,268,709 1166,270,694 1571,266,761 1354,272,603 1676,273,591 1712,272,572 1683,313,157 2028,334,129 2297,332,139 1595,325,141 1679,330,137 2626,379,75 2357,328,126
cluster JHR 0,0,56 -194,306,86 12,332,53 354,264,176 1151,276,141 412,261,191 730,257,213 463,259,201 514,245,312 1080,244,322 691,244,322 1183,244,324 1320,247,291 1360,247,294 1726,250,261 1756,351,41 2306,370,33 2389,329,61 1689,354,41 2126,345,48 3032,406,25 2593,361,37
cluster KDH 0,0,0 -211,463,2 188,442,4 198,398,12 284,411,8 515,377,24 944,369,30 800,387,17 822,391,15 1246,403,10 1226,411,8 1624,420,4 1354,437,0 1814,430,2 1718,424,6 1704,452,3 2027,470,2 2271,470,2 1559,462,2 1679,476,2 2626,511,1 2159,440,8
cluster KTN 0,0,0 -165,474,0 142,459,0 399,434,0 495,431,2 649,431,1 899,423,4 725,431,1 619,422,4 1260,428,2 1166,436,0 1451,427,2 1340,431,2 1658,434,1 1584,433,2 1703,460,1 2107,473,1 2371,472,2 1573,465,2 1672,468,3 2590,505,1 2306,465,2
cluster KUL 0,0,2 -264,463,2 283,441,4 478,399,11 502,404,10 425,390,15 907,403,9 967,385,17 765,398,11 1331,397,12 1245,405,9 1596,403,9 1267,401,11 1342,399,12 1482,401,11 1697,442,5 1932,463,3 2194,466,2 1640,467,1 1744,456,4 2512,499,2 2477,455,4
cluster MLK 0,0,0 -414,459,3 -227,437,5 280,354,35 28,377,21 157,374,22 948,344,42 717,365,27 837,363,28 1435,350,38 1194,364,29 1751,358,32 1483,365,28 1723,354,36 1874,334,56 1791,403,17 2088,435,10 2396,433,10 1815,392,24 1684,416,15 2562,478,6 2420,418,14
cluster NSN 0,0,0 -324,468,1 99,441,4 590,384,20 398,384,19 839,383,19 789,392,14 520,392,14 946,378,21 848,384,18 1231,398,12 1999,389,15 1234,403,11 1749,414,7 1620,409,8 1664,428,9 1923,475,2 2380,471,1 1628,462,2 1501,461,3 2648,499,2 2265,455,4
cluster PHG 0,0,0 -165,474,0 60,455,1 399,431,1 459,434,1 661,431,1 706,429,1 720,430,2 845,425,3 1167,432,1 1199,432,1 1468,421,4 1293,430,2 1676,438,0 1648,428,3 1752,455,2 2028,478,0 2428,472,1 1595,472,0 1622,469,2 2626,511,0 2357,474,0
cluster PJY 0,0,0 -165,474,0 142,459,0 399,434,0 440,438,0 532,434,0 816,433,0 700,433,0 743,433,0 1195,435,0 1166,436,0 1571,433,0 1354,437,0 1721,436,1 1712,437,0 1683,464,0 2028,478,0 2251,474,1 1595,472,0 1679,476,0 2626,511,0 2357,474,0
cluster PLS 0,0,0 -59,469,1 142,459,0 358,431,1 441,434,1 532,434,0 816,433,0 594,430,1 712,429,1 1195,435,0 1174,429,2 1622,430,1 1365,433,1 1674,431,2 1716,433,1 1683,464,0 2028,478,0 2297,477,0 1595,472,0 1679,476,0 2626,511,0 2357,474,0
cluster PNG 0,0,1 -241,468,1 237,434,6 187,365,27 111,378,21 496,362,29 343,361,29 627,350,37 344,353,35 1140,374,22 1051,363,29 1707,323,70 1646,342,46 2015,346,43 2321,350,39 1684,403,17 2141,425,13 2215,444,7 1634,426,11 1693,422,13 2695,465,9 2530,443,7
cluster PRK 0,0,75 0,311,76 286,292,99 380,274,130 615,274,134 583,263,170 903,249,243 864,261,178 1079,270,143 1204,257,198 1295,259,189 1351,253,222 1373,270,148 1880,275,134 1665,279,122 1659,353,39 1650,350,45 2208,376,30 1268,358,38 1581,363,36 2478,438,15 2047,380,27
cluster SBH 0,0,1 -165,474,0 142,459,0 353,417,5 374,424,4 623,420,4 864,416,5 763,416,5 764,413,6 1198,431,1 1090,422,4 1483,414,7 1317,419,6 1613,427,3 1656,429,2 1743,455,2 2022,473,1 2334,462,3 1651,442,8 1656,466,2 2626,511,0 2393,456,4
cluster SGR 0,0,17 225,396,21 338,327,62 703,279,153 522,312,74 447,310,78 957,295,106 616,294,109 581,306,83 1219,308,81 1434,303,89 1649,317,67 1223,331,52 1596,331,52 1547,325,58 1359,391,21 2106,408,18 2078,409,17 1492,426,11 1507,435,9 2493,443,14 2381,405,18
cluster SWK 0,0,1 -165,474,0 142,459,0 504,427,2 308,424,4 575,418,5 800,425,2 726,422,3 795,426,2 1215,421,4 1166,436,0 1540,420,4 1434,423,4 1640,423,4 1698,433,3 1683,464,0 2001,473,1 2360,472,1 1595,472,1 1679,476,0 2626,511,0 2357,474,0
cluster TRG 0,0,0 -165,474,0 142,459,0 399,434,0 475,435,1 532,434,0 816,433,1 700,433,0 775,430,1 1195,435,0 1166,436,0 1571,433,0 1302,434,1 1676,438,0 1712,437,0 1683,464,0 2028,478,0 2282,473,1 1595,472,0 1679,476,0 2626,511,0 2357,474,1
condo ALL 0,0,759 -506,252,946 -824,226,1623 -592,202,4712 -1116,202,3754 -778,199,5105 -614,197,5483 -480,199,4692 -484,199,4322 -330,198,4949 -417,197,4841 -71,199,4603 -179,202,3974 -258,207,4159 -308,209,4040 -762,231,1244 -225,238,1038 -319,236,1160 -566,229,1437 149,230,1442 -454,247,773 -370,235,1070
condo JHR 0,0,32 -2166,375,47 -1288,307,104 -636,238,288 -1414,236,299 -705,218,440 -510,210,543 -706,210,541 -161,210,545 156,204,646 -688,205,623 -201,208,578 29,211,531 235,203,664 222,209,553 -569,285,139 224,315,95 16,284,143 81,278,154 469,296,120 -225,352,62 25,295,122
condo KDH 0,0,1 -318,520,1 -872,481,7 -731,452,13 -857,472,7 -1224,436,18 -419,444,15 -505,447,16 -874,450,13 -584,444,15 -600,431,20 -570,457,11 -479,440,17 -433,424,24 -63,445,17 -625,501,3 -524,477,9 -129,497,4 -564,457,14 56,491,5 450,473,11 476,465,12
condo KTN 0,0,2 -506,525,0 -824,514,0 -703,485,4 -1189,466,9 -694,472,7 -684,472,7 -480,502,0 -559,492,2 161,479,5 -404,468,8 120,484,4 -84,473,7 50,468,9 -121,476,7 -613,511,1 -225,519,0 -458,498,4 -1543,476,9 126,500,3 -441,507,3 -388,512,1
condo KUL 0,0,183 275,258,183 -620,225,301 -508,172,1165 -800,179,877 -889,173,1127 -492,170,1252 -670,175,1015 -249,177,929 -636,173,1104 -761,175,1017 -723,175,1010 -886,182,805 -522,176,995 -713,175,1016 -1194,234,260 -1048,235,254 -1009,219,333 -861,215,360 1072,196,543 -1061,251,202 -759,224,305
condo LBN 0,0,0 -505,520,1 -824,514,0 -627,490,3 -1089,494,2 -696,481,5 -617,492,2 -457,481,5 -395,485,4 -252,484,4 -446,477,6 -177,485,4 -288,494,2 -220,496,2 -308,506,0 -762,516,0 -225,519,0 -349,513,1 -566,515,0 122,505,2 -456,517,1 -367,512,1
condo MLK 0,0,9 110,434,22 -748,407,30 -160,337,74 -1414,359,55 -1069,320,94 -916,310,108 -723,332,79 -784,338,73 -705,350,62 -1018,325,87 -415,330,82 -247,344,68 -458,321,93 -539,352,61 -824,426,23 -26,431,22 -122,433,21 -287,428,22 675,399,34 -288,445,18 265,412,30
condo NSN 0,0,10 -304,487,8 97,405,31 -44,324,88 -1072,315,99 -926,312,104 -491,303,118 -665,314,101 -789,304,116 -535,323,89 -531,319,94 144,327,84 -288,334,77 -652,336,75 -988,324,89 -911,404,32 -233,433,21 -106,430,22 -410,429,22 -74,404,32 -251,459,14 -836,422,25
condo PHG 0,0,4 -841,494,6 -982,440,18 -557,336,77 -770,350,63 -242,321,95 -557,317,101 -1260,336,77 -446,337,75 -1050,348,66 -513,330,83 809,339,74 309,351,63 -100,365,52 -114,366,52 -1479,430,22 -66,434,21 -329,443,18 -815,444,17 -208,409,30 -212,456,15 -598,439,19
condo PJY 0,0,5 -620,514,2 -822,503,2 -877,468,8 -1224,441,16 -1049,441,16 -874,446,14 -572,438,17 -824,412,28 722,377,50 953,379,48 420,402,33 -4,416,26 -399,462,10 -319,470,8 -1094,495,4 -175,498,4 -426,502,3 -1094,473,9 149,516,0 -620,497,5 -472,507,2
condo PLS 0,0,0 -506,525,0 -831,509,1 -592,503,0 -1116,503,0 -778,502,0 -614,502,0 -448,498,1 -489,498,1 -330,502,0 -417,501,0 -71,502,0 -200,499,1 -258,506,0 -307,502,1 -762,516,0 -225,519,0 -319,518,0 -566,515,0 149,516,0 -454,523,0 -370,518,0
condo PNG 0,0,123 154,284,134 -548,276,147 -389,192,700 -688,202,524 -397,186,833 -459,189,763 -301,194,648 -292,199,575 -656,194,658 -641,198,588 -399,198,590 -336,206,483 -452,203,515 -581,202,523 -624,261,182 -297,278,145 -720,280,140 -956,257,192 -620,270,160 -962,311,96 -862,281,139
condo PRK 0,0,63 -1010,374,48 -1882,293,127 -739,278,154 -639,273,166 -570,259,204 -554,248,245 -312,270,172 -124,268,179 -130,289,131 -112,300,111 293,305,105 -30,301,112 -9,298,117 281,293,125 15,381,42 -520,367,53 -302,392,37 364,380,42 62,397,34 -493,435,21 -405,398,34
condo SBH 0,0,7 -810,447,18 -862,413,28 -421,280,190 -1016,284,176 -655,270,230 -635,261,276 -388,266,249 -663,271,224 -399,272,220 -183,266,248 -36,276,204 -72,323,95 -258,506,0 -308,506,0 -762,516,0 -225,519,0 -319,518,0 -566,515,0 149,516,0 -454,523,0 -370,518,0
condo SGR 0,0,313 -343,195,471 -1087,173,797 -737,153,1840 -1122,159,1343 -767,153,1841 -697,153,1882 -814,155,1631 -817,158,1434 -382,154,1726 -483,154,1725 -364,155,1639 -320,156,1533 -170,157,1469 34,158,1445 -217,194,475 245,205,386 177,204,390 -126,188,552 192,200,426 -95,221,293 0,211,342
condo SWK 0,0,2 -581,514,2 -397,412,28 -396,333,79 -887,355,58 -418,337,73 -473,307,111 -217,311,105 -428,328,83 -264,295,131 -324,291,141 108,289,144 -80,293,136 -79,301,121 -656,296,132 -1032,372,49 -216,420,26 -438,388,40 -932,391,38 -298,375,47 -881,417,28 -497,402,33
condo TRG 0,0,5 -126,509,3 -696,503,2 -1355,409,29 -2554,362,60 -1371,434,18 -841,378,46 838,396,35 148,386,41 -395,384,42 -503,384,42 -69,386,41 113,435,18 -408,451,13 -442,459,11 -736,462,12 -58,508,2 -272,498,4 -218,485,6 366,486,6 -822,502,4 -767,492,5
detached ALL 0,0,84 417,660,143 274,582,301 339,532,1224 -260,533,1137 173,529,1415 290,529,1454 78,533,1223 71,533,1095 414,532,1235 466,532,1192 110,532,1249 616,532,1219 308,533,1232 394,533,1236 233,553,601 392,564,497 213,562,510 125,555,567 694,554,581 112,576,379 563,557,585
detached JHR 0,0,10 438,750,29 217,715,32 445,598,127 -391,613,103 27,590,147 154,584,165 456,594,136 122,602,121 55,595,135 292,582,170 141,588,153 756,594,137 859,601,122 -96,589,150 6,699,35 598,704,34 -79,695,38 231,693,38 999,679,45 -394,748,20 1149,665,54
detached KDH 0,0,8 467,822,12 316,744,22 -1,614,108 -348,665,53 154,659,57 -19,633,82 47,640,74 505,653,63 1174,636,80 -965,630,99 624,654,62 987,663,54 683,669,50 286,678,44 -200,750,17 141,752,18 209,733,24 -1,752,17 1279,762,14 73,803,7 597,771,12
detached KTN 0,0,3 337,873,4 133,748,21 -104,656,58 -471,592,147 -35,602,124 39,603,121 50,610,110 57,611,109 115,611,108 357,635,77 14,598,133 450,582,173 254,575,201 432,574,206 558,585,170 358,591,156 671,599,136 576,601,130 827,589,159 595,609,120 955,578,195
detached KUL 0,0,1 403,888,2 -173,807,7 333,668,53 -215,705,31 284,663,56 222,683,42 475,681,44 -156,686,41 15,678,46 883,658,61 -124,672,50 364,699,34 -154,695,36 842,680,45 90,738,21 441,792,8 107,770,13 577,742,20 860,703,35 741,760,17 447,753,17
detached LBN 0,0,0 417,905,0 443,843,1 230,802,3 -307,812,1 173,815,0 577,804,2 -134,803,3 102,812,1 414,816,0 466,816,0 110,817,0 533,802,3 315,811,1 222,811,1 233,830,0 392,837,0 213,836,0 352,816,3 694,831,0 15,839,1 563,833,0
detached MLK 0,0,7 529,822,12 374,729,27 275,609,116 13,643,70 -24,625,91 186,623,94 131,660,56 90,647,67 481,636,78 154,642,72 174,666,52 679,677,44 102,653,62 427,656,60 837,733,22 225,761,15 66,786,9 -172,750,17 665,743,19 121,771,14 399,770,12
detached NSN 0,0,6 286,866,5 254,744,22 920,628,88 -356,636,78 -232,617,101 133,633,80 -198,636,77 429,629,86 202,623,93 186,637,77 499,638,75 721,626,89 360,631,84 298,637,77 277,709,31 584,735,23 182,765,14 382,734,22 439,712,30 -149,746,21 612,738,21
detached PHG 0,0,2 673,874,4 307,788,11 304,674,48 -347,643,76 -75,641,78 -236,654,64 -136,662,59 361,680,45 647,679,45 1121,665,55 396,664,56 270,665,55 246,670,53 802,686,41 5,729,24 491,771,13 238,774,12 -403,756,16 619,764,14 504,809,6 89,772,12
detached PJY 0,0,1 417,905,0 274,850,0 346,805,2 -250,811,1 146,809,1 331,809,1 94,811,1 141,807,2 414,816,0 466,816,0 95,806,2 625,810,1 308,817,0 407,811,1 199,824,1 392,837,0 213,836,0 125,831,0 694,831,0 112,845,0 440,821,2
detached PLS 0,0,1 239,889,2 192,837,2 346,787,6 -346,787,6 114,794,4 298,804,2 211,801,3 -43,796,4 396,795,4 536,787,6 110,817,0 776,776,9 232,805,2 450,806,2 312,824,1 478,831,1 268,818,3 143,819,2 686,825,1 119,839,1 539,827,1
detached PNG 0,0,4 409,873,4 551,779,13 364,646,70 -227,645,71 356,635,82 725,646,69 -385,667,52 86,664,54 293,660,57 609,673,48 -665,654,63 1177,664,54 47,658,59 68,659,59 274,762,14 746,751,18 136,761,15 -209,722,27 693,762,14 549,784,11 608,739,21
detached PRK 0,0,8 455,866,5 595,707,35 856,595,135 -214,590,146 770,573,199 393,571,209 541,583,166 -92,600,125 347,585,158 730,601,122 687,576,190 600,582,167 624,583,166 577,590,146 4,640,74 -203,654,64 -701,634,82 -381,629,85 51,645,69 134,713,32 484,656,61
detached SBH 0,0,0 417,905,0 189,837,3 768,786,6 -349,771,10 311,721,28 142,733,25 112,774,9 -7,763,12 170,736,21 771,726,26 -959,752,16 -35,749,16 208,744,18 694,775,9 700,768,13 322,825,3 575,804,7 374,790,8 526,781,10 331,796,9 762,760,17
detached SGR 0,0,30 418,675,58 121,623,87 136,541,312 257,558,216 356,539,326 390,539,328 153,541,307 -179,553,237 331,544,295 308,544,291 126,548,264 168,552,241 296,550,255 471,552,241 477,630,76 655,649,62 425,638,71 85,621,86 835,625,82 -789,649,64 801,627,80
detached SWK 0,0,0 417,905,0 486,824,4 276,738,19 -606,748,16 369,727,23 817,717,27 -343,751,16 -305,736,20 1154,737,20 794,714,29 -102,731,23 1430,709,31 250,713,29 364,706,33 -526,749,19 439,769,14 735,765,15 240,769,13 625,747,19 -734,801,8 244,770,13
detached TRG 0,0,3 345,859,6 101,774,14 -70,639,73 4,610,112 67,619,98 484,595,143 180,611,110 28,613,108 410,621,95 753,655,59 639,611,110 360,611,111 291,622,94 66,605,121 475,634,83 212,650,68 154,647,71 78,634,83 617,646,70 566,681,48 319,650,67
flat ALL 0,0,169 -1050,398,236 -846,355,446 27,321,1071 -133,323,950 88,318,1339 21,321,1308 341,323,1197 136,324,1048 524,320,1198 487,319,1219 587,319,1131 770,322,948 829,324,1020 845,324,1027 846,370,324 400,374,267 981,367,328 943,360,406 1124,370,347 1074,389,222 997,373,283
flat JHR 0,0,7 -1033,546,8 -826,441,37 -208,393,69 -541,382,84 -198,368,104 -235,383,82 368,370,102 153,384,81 207,360,122 488,375,93 779,367,106 836,378,88 1031,374,95 1049,380,86 651,510,13 502,516,12 1087,520,10 978,509,12 1308,496,17 1431,523,12 1273,468,28
flat KDH 0,0,0 -1050,591,0 -846,562,0 27,542,0 -133,543,0 18,535,1 21,541,0 341,542,0 136,543,0 524,541,0 341,519,6 633,531,2 798,516,8 871,522,6 950,532,3 819,566,1 378,560,3 981,570,0 946,555,2 1098,566,1 1074,584,0 1062,568,1
flat KTN 0,0,0 -1050,591,0 -846,562,0 27,542,0 -133,543,0 88,540,0 21,541,1 341,542,0 136,543,0 524,541,0 487,540,0 587,540,0 770,542,0 829,543,0 845,543,0 846,572,0 400,575,0 981,570,0 943,565,0 1124,572,0 1074,584,0 997,574,0
flat KUL 0,0,15 -726,507,17 -432,458,28 -251,361,109 -76,365,103 151,343,150 204,341,158 409,346,143 279,351,131 648,338,168 585,342,155 628,347,140 721,356,120 664,341,158 606,346,144 828,428,46 345,456,32 848,436,41 1054,413,55 747,432,44 1144,473,27 682,447,36
flat LBN 0,0,3 -980,584,1 -842,551,2 -58,516,6 -52,511,8 151,530,2 30,536,1 341,542,0 101,533,2 448,523,4 444,522,4 420,515,6 1051,524,4 834,529,3 868,533,2 846,572,0 400,575,0 1019,564,1 969,545,4 1042,560,2 1074,584,0 997,574,0
flat MLK 0,0,13 -1063,560,5 -690,503,13 -74,475,18 -214,468,21 9,473,18 -79,477,17 271,489,13 91,471,20 661,468,21 361,491,12 562,471,19 1026,480,16 953,507,8 1129,479,17 903,566,1 197,552,4 1107,538,6 955,554,2 1203,560,2 1089,555,5 815,551,4
flat NSN 0,0,3 -825,561,5 -524,513,11 176,457,27 -221,463,24 167,475,18 242,484,15 115,477,18 72,480,17 511,469,21 782,455,27 674,470,20 1083,485,15 477,470,21 540,463,24 782,550,4 406,533,8 798,538,6 793,526,8 1093,550,4 988,566,3 997,574,0
flat PHG 0,0,0 -1050,591,0 -787,553,2 61,538,1 -105,535,2 164,532,2 14,537,1 379,530,3 136,543,0 523,536,1 352,532,2 451,524,4 763,533,2 911,524,5 909,530,3 846,572,0 335,564,2 950,564,1 943,565,0 1124,572,0 1074,584,0 997,574,0
flat PJY 0,0,0 -1050,591,0 -846,562,0 27,542,0 -133,543,0 88,540,0 21,541,0 341,542,1 136,543,0 524,541,0 487,540,0 587,540,0 770,542,0 829,543,0 845,543,0 846,572,0 400,575,0 981,570,0 943,565,0 1124,572,0 1074,584,0 997,574,0
flat PNG 0,0,19 -2934,435,45 -2800,368,99 428,310,295 -525,311,284 150,297,429 201,297,435 579,302,366 483,306,328 772,300,390 800,300,389 824,304,349 921,310,295 1113,306,327 1522,304,349 985,352,132 912,361,115 1118,345,147 1178,333,180 1351,337,171 1162,365,112 1194,355,127
flat PRK 0,0,1 -1008,585,1 -846,562,0 -54,525,4 402,526,4 579,520,5 -127,516,6 326,523,5 20,530,3 516,532,2 440,528,3 533,533,2 593,528,4 603,519,6 748,516,7 870,566,1 277,560,4 954,556,3 835,550,3 1153,556,3 1123,578,1 1050,559,3
flat SBH 0,0,0 -1031,584,1 -822,552,2 -5,524,4 -91,533,2 104,494,15 -74,498,12 393,510,8 136,518,7 698,494,13 419,480,20 594,494,14 631,486,17 829,543,0 845,543,0 846,572,0 400,575,0 981,570,0 943,565,0 1124,572,0 1074,584,0 997,574,0
flat SGR 0,0,108 118,332,152 96,302,250 21,274,503 37,282,401 -177,272,557 -159,272,552 129,274,515 -91,279,438 395,279,442 255,275,493 217,278,448 129,285,364 715,284,373 355,284,378 810,350,113 130,377,80 805,358,102 932,338,133 1116,359,100 781,412,54 1278,382,75
flat SWK 0,0,0 -1021,584,1 -834,551,2 149,449,32 -73,481,17 -67,438,38 214,457,28 344,471,21 251,480,18 383,488,14 499,487,14 693,474,19 804,491,13 945,481,17 679,492,13 953,516,12 439,557,3 1123,518,11 786,530,7 1105,560,2 865,556,5 750,542,6
flat TRG 0,0,0 -1050,591,0 -846,562,0 139,529,3 -133,543,0 88,540,0 21,541,0 436,533,2 5,530,3 524,541,0 559,535,1 619,531,2 660,533,2 828,538,1 782,538,1 855,566,1 483,559,4 981,570,0 943,565,0 1146,566,1 1083,568,3 866,558,3
low_cost_flat ALL 0,0,338 103,264,391 195,236,800 247,211,1429 239,213,1166 328,209,1471 603,209,1601 741,211,1432 709,209,1401 814,208,1456 1041,210,1555 1117,208,1373 1330,210,1393 1459,213,1196 1592,216,1033 1561,252,331 1932,270,242 1732,277,231 1885,262,295 2025,250,343 2091,284,203 2692,263,257
low_cost_flat JHR 0,0,35 -407,352,27 -437,272,88 -697,241,153 -636,248,134 65,234,178 331,231,191 471,236,170 776,242,151 874,237,166 988,229,201 1460,228,206 1624,222,238 2051,223,233 2117,236,173 1876,346,28 2180,388,14 1929,382,17 1734,373,18 2687,318,44 2736,352,30 3343,340,33
low_cost_flat KDH 0,0,0 101,436,1 195,424,0 190,375,11 264,379,10 371,369,13 414,361,17 798,390,6 571,359,19 716,360,17 1030,370,13 1163,370,13 1364,363,16 1577,369,14 1520,372,13 1377,395,10 2051,422,5 1725,426,5 1991,418,5 2078,404,7 2091,453,0 2851,422,4
low_cost_flat KTN 0,0,1 178,428,3 195,424,0 247,411,0 239,412,0 328,410,0 766,392,6 705,407,1 709,410,0 738,402,2 991,397,4 1137,406,1 1277,401,4 1456,408,1 1592,414,0 1599,429,1 1976,440,1 1731,444,1 1885,440,0 1900,424,2 2091,453,0 2692,440,0
low_cost_flat KUL 0,0,20 154,341,32 596,301,55 810,244,146 838,247,139 537,236,175 859,233,188 970,243,151 1092,242,155 845,240,160 1090,237,171 809,246,142 1266,242,153 1467,248,135 1453,237,173 1435,327,39 1662,325,43 1264,324,45 1611,316,48 1642,317,45 1727,356,28 2063,326,41
low_cost_flat LBN 0,0,0 103,441,0 195,424,0 299,401,3 239,412,0 328,410,0 603,410,0 741,411,0 750,403,2 770,402,2 1033,403,2 1151,400,3 1242,404,2 1445,408,1 1618,407,2 1561,434,0 1932,444,0 1732,449,0 1885,440,0 2025,433,0 2091,453,0 2692,440,0
low_cost_flat MLK 0,0,4 83,426,3 123,387,10 95,349,22 170,362,16 284,343,25 615,353,20 903,347,23 842,353,20 986,335,30 1115,334,31 988,340,27 1350,349,22 1326,346,24 1324,364,16 1852,405,7 1968,439,1 1825,444,1 1900,430,2 2085,415,4 1989,438,3 2690,399,10
low_cost_flat NSN 0,0,7 71,418,5 140,380,12 396,333,30 164,314,44 596,318,40 952,300,57 761,303,54 572,306,51 683,296,62 983,311,46 1238,304,53 1473,325,35 1470,315,43 1389,330,33 1140,374,17 1701,381,17 1635,402,11 1777,369,20 2185,403,7 2409,416,8 2703,392,12
low_cost_flat PHG 0,0,0 189,431,3 195,424,0 382,397,4 250,401,3 230,393,5 455,399,3 847,389,7 593,394,5 823,399,3 1041,411,0 1333,392,6 1212,401,3 1486,401,3 1589,396,5 1537,423,3 1985,435,2 1769,444,1 1866,427,3 1966,424,2 2096,448,1 2595,432,2
low_cost_flat PJY 0,0,1 122,427,3 241,398,7 307,386,7 314,400,3 399,368,14 630,389,6 775,393,5 738,375,11 924,375,11 1099,381,9 1065,383,8 1333,376,11 1383,387,7 1505,389,7 1513,429,1 1960,439,1 1679,439,2 1847,435,1 1919,419,3 2065,448,1 2618,431,2
low_cost_flat PNG 0,0,26 62,345,30 284,270,90 160,211,314 -65,216,269 -177,207,346 45,205,376 515,207,357 609,209,333 913,207,346 923,204,394 1214,206,363 1606,207,346 1608,213,298 1866,210,324 1859,239,167 1879,261,114 1902,260,117 2453,246,147 2169,243,152 2040,271,100 2737,259,116
low_cost_flat PRK 0,0,1 300,426,3 159,408,4 325,323,44 537,342,28 315,336,32 876,371,13 616,375,11 749,372,12 700,362,16 1023,367,15 983,374,11 1323,366,15 1632,372,13 1498,382,9 1459,420,3 1946,435,2 1686,444,1 1984,426,3 1671,411,5 2101,439,4 2435,422,4
low_cost_flat SBH 0,0,1 145,411,7 280,377,14 356,346,25 268,348,24 432,336,31 602,356,19 707,334,34 610,347,24 674,339,29 1165,334,33 703,343,27 1471,377,10 1459,412,0 1592,414,0 1561,434,0 1932,444,0 1732,449,0 1885,440,0 2025,433,0 2091,453,0 2692,440,0
low_cost_flat SGR 0,0,240 208,198,272 332,174,518 252,167,659 466,176,480 549,169,603 594,166,685 689,169,600 744,170,593 858,169,597 1008,168,629 1090,175,485 1214,174,511 1144,183,390 1589,200,254 1493,325,36 1819,338,32 1728,359,24 1818,319,41 1987,291,59 1781,372,20 2665,362,21
low_cost_flat SWK 0,0,2 130,431,2 231,416,2 459,381,9 339,371,13 256,386,7 631,363,17 825,380,9 444,360,17 724,376,10 1083,386,7 1144,358,18 1082,358,19 1111,345,26 1655,362,17 1639,379,16 2053,410,8 1953,426,5 1806,422,4 1921,391,11 2049,443,2 2859,407,8
low_cost_flat TRG 0,0,0 103,441,0 195,424,0 120,403,2 202,401,3 412,402,2 670,399,3 787,397,4 832,385,8 979,392,5 1041,411,0 1278,379,10 1119,385,8 1274,385,8 1573,390,7 1516,421,3 1941,435,2 1696,444,1 1829,426,3 2121,424,2 2013,427,6 2738,423,4
low_cost_house ALL 0,0,209 420,306,263 1101,268,634 1392,248,1587 1269,247,1591 1482,245,1928 1696,243,1999 1735,244,1968 2080,244,1887 2156,243,1912 2593,244,2118 2536,242,2090 2596,242,1911 2892,243,1915 2966,244,1766 3239,262,621 3533,269,511 3595,267,539 3617,261,629 3658,263,638 3558,276,432 3690,267,548
low_cost_house JHR 0,0,46 486,330,84 889,278,193 991,248,420 822,252,368 1074,243,506 1330,243,515 1559,245,481 2104,247,443 2149,244,490 2532,243,511 2690,241,553 2780,246,461 3101,244,497 3315,251,380 3366,341,64 3430,359,50 3602,349,58 3647,346,60 3754,314,100 3784,336,72 4228,321,89
low_cost_house KDH 0,0,19 -106,406,28 662,341,67 1015,268,264 826,261,319 1052,262,316 1375,254,398 1516,258,354 1426,256,379 1975,257,359 2610,253,421 2605,256,372 2958,257,371 3242,258,352 3256,254,409 3831,286,177 3834,297,143 4169,291,160 3992,285,179 4125,283,190 4059,300,137 4238,298,141
low_cost_house KTN 0,0,4 390,498,1 1167,460,5 1613,441,8 1183,443,7 1584,426,13 1253,409,20 1472,428,12 2260,420,15 1975,409,21 2895,440,10 2417,410,20 2733,398,26 3329,397,27 2772,409,20 3195,423,17 3511,453,7 3344,453,7 3245,416,20 3811,433,13 3730,441,12 3712,463,4
low_cost_house KUL 0,0,0 456,498,1 1101,481,0 1439,454,4 1255,465,1 1505,440,8 1755,437,9 1702,443,7 2227,437,9 2192,429,12 2620,427,13 2637,439,8 2489,436,9 2791,445,6 2949,427,13 3199,469,2 3583,464,4 3544,447,9 3505,461,4 3628,473,1 3598,476,2 3631,463,4
low_cost_house LBN 0,0,0 420,503,0 1101,481,0 1392,470,0 1302,465,1 1532,464,1 1676,460,2 1835,458,3 2080,467,0 2140,463,1 2546,460,2 2445,460,2 2638,460,2 2892,467,0 2966,468,0 3224,473,1 3498,477,1 3595,480,0 3617,477,0 3658,478,0 3558,485,0 3690,480,0
low_cost_house MLK 0,0,9 326,470,7 1237,377,39 1059,331,80 931,323,93 1563,321,95 2048,315,107 1511,311,116 2133,309,120 2157,329,82 2798,310,117 2192,301,142 2291,308,122 2854,309,120 2714,308,122 3303,365,47 3720,403,25 3751,394,29 3715,382,35 3695,393,29 3718,416,20 3947,373,42
low_cost_house NSN 0,0,7 398,458,10 1408,413,20 1684,340,69 1653,332,79 1748,319,100 1605,311,117 1671,313,111 2437,313,110 1899,307,124 2691,301,141 2868,311,115 3137,312,113 3252,313,110 3434,314,109 3271,366,46 3601,369,45 3336,373,42 3313,346,64 2911,350,61 3035,388,34 2474,355,56
low_cost_house PHG 0,0,4 653,466,8 1144,376,41 1334,329,84 1437,326,88 1723,315,107 1810,311,117 1691,300,146 2288,307,126 2466,312,113 2685,304,133 2595,304,132 2561,304,134 2687,312,115 2992,304,134 3153,346,66 2939,351,61 3420,372,43 3979,388,32 3574,378,38 3304,407,24 3478,371,44
low_cost_house PLS 0,0,2 350,488,3 1119,456,6 1882,394,28 1689,423,14 1579,417,16 2163,396,26 2262,404,22 2211,386,32 2332,406,21 2926,400,24 2240,388,31 2327,371,44 2270,362,52 2151,398,25 2954,443,9 3557,453,7 3731,467,3 2803,431,13 3842,443,9 3692,449,9 3676,452,7
low_cost_house PNG 0,0,5 337,483,4 699,425,16 765,358,52 1014,361,49 1187,353,56 1855,342,69 1652,349,61 1955,347,63 2155,338,74 2209,335,78 2827,353,56 2545,352,57 3233,357,52 3140,360,50 3236,388,32 3601,427,15 3944,393,30 3887,390,31 3858,400,26 3751,445,10 4119,415,20
low_cost_house PRK 0,0,9 442,455,11 1750,343,67 1981,276,239 1624,276,240 2028,265,328 1613,279,221 2048,276,239 2269,279,221 2134,278,223 2636,274,251 2363,274,246 2378,278,227 2343,274,247 2830,280,213 2825,362,49 3511,361,51 3525,365,47 3477,349,60 3288,361,50 2927,401,27 3640,364,48
low_cost_house SBH 0,0,5 541,459,10 1158,439,11 1455,402,24 1451,395,27 1351,386,32 1790,379,37 1755,396,26 1923,392,29 2267,380,36 2767,399,26 2486,391,30 2633,398,25 2795,417,16 2717,415,17 3339,431,13 3447,443,10 3528,434,13 3905,438,11 3409,427,15 3655,450,9 3502,428,15
low_cost_house SGR 0,0,68 1049,339,72 1255,294,138 1353,264,247 1125,270,214 1364,262,259 1726,261,269 1831,259,281 1979,263,252 2321,265,243 2120,257,292 2566,264,246 2387,273,201 2787,275,193 2721,284,159 3454,375,37 3580,407,22 3487,389,30 3242,357,49 3439,360,47 3598,404,24 3417,399,25
low_cost_house SWK 0,0,4 640,475,6 793,417,19 1340,355,55 1216,369,43 1475,347,63 1528,363,47 1616,344,66 2041,356,53 2052,346,63 2513,338,75 2356,333,81 2656,346,65 2927,337,76 3217,338,73 3341,394,29 3679,392,31 4081,383,36 3737,379,38 3914,398,27 3258,415,21 3583,403,25
low_cost_house TRG 0,0,27 -76,434,18 1028,434,12 1586,424,13 1512,361,48 1464,390,28 1906,363,45 1908,367,43 1874,377,35 2118,359,50 2349,397,24 2757,351,56 2434,354,54 2871,356,52 3314,368,42 2898,388,32 3505,379,39 2873,390,32 4193,386,33 3965,388,32 3698,393,31 4009,397,28
semi_detached ALL 0,0,274 271,245,421 227,224,642 322,197,2875 154,197,2453 484,196,3010 548,196,3128 573,197,2780 794,197,2601 901,198,2704 996,198,2605 973,197,2806 989,198,2560 1243,197,2510 1281,197,2499 1127,209,1068 1381,212,906 1309,210,991 1160,209,1037 1474,209,1039 1587,216,708 1560,212,905
semi_detached JHR 0,0,30 1288,300,70 260,302,64 -124,229,256 -120,230,249 -28,221,327 95,216,372 306,217,362 478,215,386 1139,209,481 1170,211,452 949,211,445 562,215,383 1380,215,386 1350,219,337 1343,265,119 1538,286,82 1162,264,122 1397,266,117 1358,259,133 1689,283,87 1514,274,102
semi_detached KDH 0,0,42 169,316,53 195,275,100 216,212,403 320,217,344 290,210,429 540,208,470 654,211,420 745,216,361 910,215,367 1071,214,384 924,210,437 1007,216,359 1080,215,364 1291,217,342 1230,261,126 1407,259,130 1302,258,132 1196,261,125 1460,258,132 1755,286,81 1573,270,106
semi_detached KTN 0,0,3 213,428,3 124,379,16 258,336,35 -92,312,55 477,335,35 711,319,48 568,337,34 719,323,47 794,326,42 877,356,23 942,321,46 822,296,74 1212,305,63 1187,292,81 1269,308,61 1395,346,30 1523,322,48 1508,328,42 1560,321,48 1627,331,41 1657,324,46
semi_detached KUL 0,0,2 265,437,1 455,403,7 575,332,38 309,339,33 689,337,34 503,329,40 412,330,40 931,335,36 774,325,44 764,352,25 1016,331,39 1124,332,38 1137,335,36 1233,317,52 1209,391,9 1324,398,7 1343,389,10 863,380,13 1572,373,16 1560,394,9 1453,384,12
semi_detached LBN 0,0,0 271,441,0 227,430,0 330,412,1 -62,403,4 526,402,4 570,412,1 665,403,4 833,392,8 933,403,4 1060,410,2 1025,400,5 998,409,2 1327,403,4 1249,403,4 1079,405,5 1372,419,1 1220,403,6 1222,414,2 1434,418,1 1484,414,3 1588,420,1
semi_detached MLK 0,0,30 469,314,57 -153,318,49 95,234,240 73,256,143 428,238,213 687,245,180 788,257,140 649,254,148 728,262,128 928,262,126 767,273,102 1202,271,106 1074,267,116 1363,272,104 1306,310,54 1321,337,34 1311,341,31 1275,309,55 1733,338,33 1637,348,28 1641,335,35
semi_detached NSN 0,0,7 -52,379,18 506,350,29 757,258,151 36,279,98 435,255,165 468,261,141 365,271,115 733,267,126 1226,274,109 966,275,107 1017,277,102 950,276,105 1291,276,103 1538,283,90 742,346,29 1519,353,26 931,341,32 1028,351,26 1672,351,26 1660,367,19 1479,373,16
semi_detached PHG 0,0,40 -862,355,28 -381,296,70 393,229,253 544,233,231 1185,227,262 985,227,267 1098,232,234 1183,238,204 1285,241,190 1540,232,235 1347,234,227 708,236,219 1296,241,188 1164,231,243 1149,261,128 1794,293,72 1469,287,80 769,270,107 1139,270,107 1881,306,58 2085,290,77
semi_detached PJY 0,0,0 271,441,0 268,425,1 288,397,6 110,403,4 571,391,8 505,391,8 457,394,7 853,394,7 986,409,2 991,400,5 1066,403,4 937,397,6 1221,394,7 1311,403,4 1104,418,1 1456,419,1 1309,423,0 1206,411,3 1394,418,1 1585,418,2 1464,416,2
semi_detached PLS 0,0,1 336,437,1 297,407,6 397,328,42 449,319,51 349,319,50 320,329,41 541,345,29 602,348,27 673,356,23 1032,340,33 795,367,17 1253,344,30 1238,349,27 1353,345,29 969,391,9 1498,381,13 1453,386,11 1294,388,10 1479,391,9 1399,391,10 1617,392,9
semi_detached PNG 0,0,5 514,396,12 244,357,25 31,244,203 -64,256,151 640,243,205 425,241,214 721,252,165 799,260,140 761,255,155 824,250,175 1146,250,174 1233,254,160 1377,252,168 1409,252,165 1401,323,44 1383,308,59 1043,314,52 880,312,54 1631,300,67 1660,339,34 1327,325,43
semi_detached PRK 0,0,15 96,376,19 32,313,54 -50,236,232 91,233,246 343,228,286 506,224,324 443,232,251 846,233,248 774,230,269 866,240,206 905,229,276 1138,232,256 1339,231,258 1179,234,244 1245,286,84 1513,279,96 1525,282,90 1520,273,106 1765,278,97 1475,301,65 1752,275,102
semi_detached SBH 0,0,1 211,421,5 220,425,1 709,347,29 8,330,41 472,331,39 735,307,63 490,321,48 809,331,40 798,336,36 796,318,52 1039,324,46 1145,353,25 1210,326,44 1440,340,32 1190,363,21 1411,358,24 1374,365,20 936,362,21 1133,369,18 1616,363,22 1506,349,29
semi_detached SGR 0,0,86 643,251,146 830,238,186 816,192,707 431,202,472 569,197,571 632,196,592 407,197,562 1073,204,442 965,199,522 1040,198,545 647,201,480 678,202,476 1139,206,408 983,207,392 619,253,135 750,266,109 932,260,121 1057,260,120 1380,260,121 946,287,77 1430,266,108
semi_detached SWK 0,0,8 206,416,6 243,375,17 150,268,121 123,277,101 374,260,144 520,258,147 583,261,140 631,266,126 831,268,121 976,266,125 913,258,150 983,278,99 1420,262,138 1222,271,114 972,314,52 1247,317,50 1820,323,45 1151,324,44 1434,317,50 1917,339,34 1354,337,35
semi_detached TRG 0,0,4 298,432,2 267,374,17 314,253,158 300,237,230 418,236,238 564,239,220 674,237,229 822,233,255 839,240,211 1039,271,110 1072,233,256 1080,238,222 1143,243,200 1226,232,266 1205,245,191 1161,250,172 1221,245,191 1254,245,192 1441,248,180 1494,261,138 1523,247,182
terrace ALL 0,0,2356 -100,134,3077 -260,124,5113 190,113,14652 49,113,12110 291,113,15798 347,113,16424 441,113,14712 545,114,13577 643,114,15596 802,114,15566 881,114,14358 958,114,13554 1022,114,13984 940,114,13129 1036,119,4711 1191,120,3903 1224,120,4284 1220,119,4946 1428,120,4601 1248,124,2734 1471,121,3936
terrace JHR 0,0,419 -404,129,517 -454,118,714 -7,93,2310 -194,94,2087 18,89,3294 280,88,3441 397,89,3256 561,89,3131 810,87,3875 785,88,3704 892,89,3343 1113,89,3183 1262,89,3341 1272,90,2841 1385,115,790 1601,120,656 1674,115,786 1596,112,874 1629,114,801 1754,133,462 2011,117,734
terrace KDH 0,0,99 -369,206,127 -380,163,279 -272,126,776 -388,132,627 -98,123,857 55,122,901 383,123,886 497,125,808 531,125,799 812,123,852 1052,127,739 1202,125,799 1372,128,712 1193,129,682 1268,159,305 1478,168,249 1692,166,259 1746,161,288 1672,174,220 1738,174,220 1978,167,254
terrace KTN 0,0,20 -365,321,18 -439,231,91 -21,191,177 295,177,235 375,193,171 444,187,191 314,187,189 724,195,163 364,204,138 1034,218,108 1307,196,158 920,182,211 631,191,174 580,189,180 1100,214,117 1291,233,85 1279,212,121 1437,233,85 1636,216,112 1075,242,74 1504,246,69
terrace KUL 0,0,7 183,325,16 -24,299,27 871,175,240 475,177,230 760,163,317 488,157,364 571,170,266 799,175,237 578,160,339 1025,164,307 779,166,295 1016,176,235 1091,166,296 565,161,331 642,212,119 1089,228,91 1051,213,117 645,209,126 1149,206,133 766,240,75 805,226,94
terrace LBN 0,0,0 -100,376,0 -315,358,4 141,335,11 -123,335,11 192,338,10 480,335,11 564,340,9 613,335,11 601,341,9 774,326,15 897,335,11 882,343,8 1109,338,10 881,341,9 1005,350,6 1116,345,8 1266,345,8 1289,353,5 1493,357,4 1342,352,6 1462,345,8
terrace MLK 0,0,182 -241,186,173 -542,160,281 480,125,717 220,126,683 385,123,779 536,117,989 682,121,820 902,121,832 914,120,867 711,119,888 1063,123,762 947,123,774 1268,123,776 1064,126,694 1126,162,274 1091,174,215 1366,172,224 1143,151,346 1358,153,328 1693,197,143 1895,175,208
terrace NSN 0,0,288 63,146,364 -125,124,642 304,103,1564 127,109,1177 425,106,1333 476,105,1422 522,108,1196 257,110,1083 276,108,1218 475,107,1250 589,111,1037 764,109,1166 804,110,1131 393,113,988 454,153,310 766,153,311 713,157,285 640,146,363 965,144,383 690,179,187 690,152,315
terrace PHG 0,0,136 88,209,120 -40,170,236 -80,125,747 -21,127,690 88,123,810 343,122,851 204,125,756 410,127,698 486,125,746 893,122,853 618,122,854 730,124,773 704,125,763 725,126,741 1268,156,318 1262,163,273 920,170,235 1091,160,288 1511,157,311 1054,187,172 1296,170,237
terrace PJY 0,0,2 3,351,7 -194,355,5 838,285,42 489,310,23 843,323,16 564,314,21 494,317,19 394,321,17 610,346,7 573,333,12 688,333,12 846,349,6 671,323,16 825,340,9 1015,363,2 944,351,6 1217,368,1 917,347,7 1333,364,2 1160,365,2 1329,360,3
terrace PLS 0,0,12 10,328,15 -393,323,16 -94,251,66 -455,247,70 50,244,74 86,232,91 547,237,84 505,243,75 749,251,66 1004,247,70 1046,253,63 1029,257,59 1227,266,50 1000,251,66 1019,307,23 1344,307,23 1293,318,18 1436,313,20 1504,327,14 1242,334,12 1666,323,16
terrace PNG 0,0,74 -413,189,173 -824,171,244 51,129,719 173,133,623 151,126,805 434,129,740 520,132,657 699,135,597 1155,134,622 1035,132,662 1103,139,525 1182,136,566 1207,133,638 1340,133,633 1229,174,224 1495,183,189 1157,183,188 1431,178,207 1706,180,200 1474,201,137 1428,190,167
terrace PRK 0,0,299 -109,144,379 -37,120,729 109,101,1706 227,100,1854 240,98,2059 289,100,1895 510,101,1772 544,101,1700 632,100,1891 856,100,1803 830,99,1956 966,101,1750 1261,99,1952 1355,100,1871 1353,124,652 1319,128,567 1207,126,603 1401,123,661 1409,127,590 1192,152,316 1703,128,572
terrace SBH 0,0,6 -66,339,11 -288,294,30 87,188,186 148,180,217 446,170,273 444,170,268 306,181,213 545,182,208 752,174,247 870,175,243 981,177,233 925,184,200 852,178,226 1055,181,213 1232,202,143 1186,220,104 1178,206,134 1274,201,146 1154,216,113 1441,222,103 1212,200,148
terrace SGR 0,0,771 42,99,1100 173,90,1682 285,77,4756 -24,81,3083 331,77,4340 247,77,4570 345,78,3964 291,80,3485 548,78,4051 568,78,4222 623,79,3681 664,80,3196 801,80,3255 748,80,3216 645,99,1099 612,107,838 797,101,1032 801,97,1182 991,100,1049 906,116,631 1026,107,837
terrace SWK 0,0,32 131,263,52 -227,220,102 -54,144,489 -187,155,360 72,143,499 -22,143,495 239,149,425 231,157,339 588,144,489 636,145,475 750,144,488 927,149,417 1098,146,462 1071,148,434 1078,186,185 1452,194,160 1461,186,185 1376,182,198 1688,180,208 1509,217,107 1905,196,152
terrace TRG 0,0,9 -59,357,5 -50,292,31 396,201,146 26,203,140 380,196,161 407,192,174 462,185,200 739,186,193 688,178,232 776,221,102 872,184,201 1213,182,211 992,190,182 974,180,221 750,202,144 1015,209,128 1320,231,88 1291,200,150 1655,207,133 927,232,87 1634,211,122
townhouse ALL 0,0,100 769,506,73 266,433,157 722,393,340 534,401,275 663,389,333 1028,386,352 909,389,320 801,401,261 1580,393,300 597,395,328 1292,399,282 1347,404,242 1727,408,216 1508,400,240 1775,488,78 1750,509,67 1199,507,70 2076,507,76 1796,522,62 1814,595,41 2298,511,69
townhouse JHR 0,0,22 401,596,10 -246,506,25 263,462,41 -365,452,53 236,444,55 1280,451,48 415,442,55 779,450,51 1305,460,42 542,455,47 1508,487,28 1809,473,36 2309,481,32 2090,490,27 1980,582,11 1731,633,4 1637,608,8 2620,592,11 2233,623,7 2122,664,8 2473,616,8
townhouse KDH 0,0,0 769,660,0 266,605,0 722,577,0 459,573,2 697,561,3 900,544,10 876,561,3 817,573,2 1650,563,4 713,565,3 1283,572,2 1422,564,5 1583,573,3 1553,561,5 1784,634,2 1721,636,4 1137,643,3 2076,660,0 1884,658,2 1814,730,0 2326,656,1
townhouse KTN 0,0,0 769,660,0 262,599,1 722,577,0 524,577,1 645,569,1 1028,572,0 889,552,7 882,564,5 1563,572,1 606,574,1 1292,581,0 1347,585,0 1706,582,1 1518,577,1 1753,639,1 1746,654,1 1215,653,1 2076,660,0 1796,672,0 1814,730,0 2298,663,0
townhouse KUL 0,0,2 974,638,3 583,549,12 790,485,31 636,508,21 604,493,26 951,478,34 1434,503,21 927,529,13 1520,496,25 629,486,31 811,510,20 1191,528,14 1343,519,18 1446,515,18 1807,588,10 1484,621,6 1257,620,6 1920,620,6 1607,624,7 1801,711,2 2561,629,5
townhouse MLK 0,0,7 667,626,5 421,565,8 767,501,22 168,522,15 718,485,29 1044,460,46 878,475,35 797,506,21 1816,499,23 810,492,28 1352,487,30 1534,501,24 1560,513,20 1353,490,29 1878,588,10 1847,621,6 1404,620,6 2077,604,9 1701,619,8 1483,672,7 2082,579,15
townhouse NSN 0,0,1 888,632,4 783,565,8 1300,529,12 969,551,7 777,537,9 1035,518,15 1046,534,11 974,547,8 2046,533,11 -254,523,15 1220,530,13 997,505,24 1880,537,12 1021,513,20 1842,626,3 2181,611,8 372,605,9 1464,621,6 1468,650,3 2004,711,2 2309,642,3
townhouse PHG 0,0,0 769,660,1 266,605,0 722,577,0 534,582,0 657,571,1 1028,572,0 909,574,0 801,583,0 1580,577,0 597,579,0 1320,575,3 1347,585,0 1704,585,1 1508,582,0 1775,646,0 1750,662,0 1199,660,0 2076,660,0 1796,672,0 1814,730,0 2298,663,0
townhouse PJY 0,0,0 769,660,0 266,605,0 746,572,1 534,582,0 720,566,3 958,568,1 909,574,0 801,583,0 1558,573,1 597,579,0 1292,581,0 1359,580,1 1727,587,0 1508,582,0 1775,646,0 1750,662,0 1199,660,0 2076,660,0 1796,672,0 1814,730,0 2298,663,0
townhouse PNG 0,0,12 771,592,11 22,560,9 471,478,35 1023,476,40 803,476,35 995,472,37 811,500,21 636,516,17 1511,483,31 649,497,25 1437,512,18 1169,520,16 1635,514,19 1607,489,29 1778,596,8 1815,616,7 1412,620,6 2135,632,4 1857,649,3 1725,703,3 2228,606,9
townhouse PRK 0,0,3 760,646,2 371,579,5 799,535,11 579,529,15 790,530,12 1014,537,9 730,541,8 794,555,6 1590,550,6 595,558,5 1639,558,5 1302,561,5 1649,560,6 1534,542,10 1738,639,1 1655,629,5 1099,646,3 2096,653,1 1774,657,2 1839,720,1 2263,649,2
townhouse SBH 0,0,0 769,660,0 303,600,1 743,572,1 609,565,4 654,549,7 1077,556,4 989,554,5 744,563,5 1460,565,3 674,565,3 1148,550,9 1340,577,2 1727,587,0 1508,582,0 1775,646,0 1750,662,0 1199,660,0 2076,660,0 1796,672,0 1814,730,0 2298,663,0
townhouse SGR 0,0,51 932,511,32 18,425,74 714,373,165 554,396,110 659,383,136 860,384,135 1026,385,132 825,394,115 1400,386,129 920,377,158 1281,384,139 1282,398,106 1745,411,87 1374,414,84 1352,534,23 1655,538,24 1294,534,25 2123,503,37 2010,552,22 1744,609,17 2223,543,23
townhouse SWK 0,0,1 752,652,1 71,556,11 629,510,21 628,563,4 570,535,11 1203,536,9 907,522,14 624,541,11 1585,510,21 742,535,11 1259,547,8 1416,546,9 1896,527,16 1581,520,17 1903,614,5 1685,654,1 1160,639,3 2170,646,2 1672,633,6 1790,720,1 2212,642,3
townhouse TRG 0,0,1 780,633,4 342,589,3 722,577,0 626,570,3 752,553,5 1020,555,4 903,544,8 814,554,7 1542,563,3 539,576,1 1245,553,7 1347,585,0 1710,582,1 1508,582,0 1711,621,4 1734,654,1 1199,660,0 2076,660,0 1752,657,2 1814,730,0 2298,663,0
